# Created by Octave 4.0.2, Fri Jul 01 01:03:47 2016 Pacific Daylight Time <unknown@DESKTOP-K19E338>
# name: v
# type: matrix
# rows: 1
# columns: 3
 234 255 666


